# lon-lat coordinates of radars
anj: 27.108057,60.903871
ika: 23.076448,61.767337
kes: 29.79772,61.90699
kor: 21.643379,60.128469
kuo: 27.381468,62.862598
luo: 26.896916,67.139096
pet: 25.44008118,62.30451365
uta: 26.318877,64.774934
van: 24.869024,60.27062
vim: 23.820864,63.104835
